b 868bcc3 PLACE {'nomatch': 344, 'match': 520, 'ne': 34, 'eq': 486} eq%=93.5 [(-93, 2), (-9, 1), (-7, 1), (-6, 1), (-5, 1), (-2, 1), (-1, 4), (0, 486), (1, 2), (2, 4), (3, 1), (4, 2)]
b 868bcc3 MODIFY {'nomatch': 58, 'match': 57, 'ne': 5, 'eq': 52} eq%=91.2 [(-54, 1), (-1, 2), (0, 52), (4, 1), (48, 1)]
b 868bcc3_t0 PLACE {'nomatch': 406, 'match': 458, 'eq': 367, 'ne': 91} eq%=80.1 [(-98, 2), (-14, 1), (-12, 2), (-9, 2), (-5, 3), (-4, 4), (-3, 5), (-2, 8), (-1, 26), (0, 367), (1, 19), (2, 4)]
b 868bcc3_t0 MODIFY {'nomatch': 62, 'match': 53, 'eq': 49, 'ne': 4} eq%=92.5 [(-54, 1), (0, 49), (3, 1), (4, 1), (48, 1)]
c 868bcc3 PLACE {'nomatch': 336, 'match': 575, 'ne': 29, 'eq': 546} eq%=95.0 [(-15, 1), (-2, 2), (-1, 6), (0, 546), (1, 8), (2, 2), (4, 1), (5, 1), (6, 2), (8, 6)]
c 868bcc3 MODIFY {'nomatch': 63, 'match': 79, 'ne': 10, 'eq': 69} eq%=87.3 [(-54, 1), (-6, 1), (-3, 1), (-2, 1), (-1, 1), (0, 69), (3, 1), (7, 1), (21, 2), (68, 1)]
c 868bcc3_t0 PLACE {'nomatch': 401, 'match': 510, 'eq': 425, 'ne': 85} eq%=83.3 [(-12, 1), (-9, 1), (-8, 1), (-7, 1), (-6, 2), (-5, 1), (-4, 3), (-3, 6), (-2, 11), (-1, 22), (0, 425), (1, 14)]
c 868bcc3_t0 MODIFY {'nomatch': 67, 'match': 75, 'eq': 66, 'ne': 9} eq%=88.0 [(-54, 1), (-4, 1), (-3, 1), (-1, 1), (0, 66), (1, 1), (3, 1), (4, 1), (7, 1), (68, 1)]
d 868bcc3 PLACE {'match': 608, 'eq': 584, 'ne': 24, 'nomatch': 131} eq%=96.1 [(-563, 1), (-93, 1), (-70, 1), (-3, 1), (-2, 2), (-1, 3), (0, 584), (1, 1), (2, 1), (3, 2), (4, 1), (5, 1)]
d 868bcc3 MODIFY {'match': 75, 'eq': 63, 'nomatch': 45, 'ne': 12} eq%=84.0 [(-20, 1), (-3, 3), (-1, 1), (0, 63), (5, 1), (7, 1), (8, 4), (40, 1)]
d 868bcc3_t0 PLACE {'match': 541, 'eq': 426, 'ne': 115, 'nomatch': 198} eq%=78.7 [(-563, 1), (-100, 1), (-72, 1), (-9, 2), (-8, 1), (-7, 1), (-5, 4), (-4, 5), (-3, 7), (-2, 5), (-1, 21), (0, 426)]
d 868bcc3_t0 MODIFY {'nomatch': 54, 'match': 66, 'eq': 56, 'ne': 10} eq%=84.8 [(-25, 1), (-20, 1), (-3, 1), (-1, 2), (0, 56), (3, 1), (5, 1), (10, 1), (12, 1), (40, 1)]
